10,67
10,69
10,199
10,277
10,147
10,2
10,3
9,7
9,1
9,5
9,2
9,3
8,5
8,7
8,14
8,16
8,6
103,4
103,3
103,2
103,1
87,4
87,3
87,1
43,4
43,3
43,1
42,4
42,3
42,1
41,4
41,3
41,1
39,4
39,3
39,1
20,3
20,2
20,1
19,3
19,2
19,1
12,3
12,2
12,1
11,30
11,29
11,28
11,27
11,26
11,25
11,24
11,23
11,22
11,21
11,20
11,19
11,18
11,17
11,16
11,15
11,14
11,13
11,12
11,11
11,10
11,9
11,8
11,7
11,6
11,5
11,4
11,3
11,2
11,1
11,0
10,311
10,310
10,303
10,291
10,288
10,281
10,266
10,261
10,260
10,259
10,247
10,221
10,220
10,210
10,206
18,1
10,203
18,3
10,181
10,148
10,143
10,142
10,139
10,137
10,135
10,133
14,1
10,132
10,127
14,3
13,1
10,126
10,125
13,3
10,121
10,120
10,114
10,111
10,104
10,95
10,94
